100 5.82e-05 0.0002208 1.76e-05
200 4.82e-05 0.000482 4.47e-05
400 8.21e-05 0.0008804 0.0001057
800 0.0002407 0.0019751 0.0003148
1600 0.00043 0.0036431 0.0006055
3200 0.001068 0.0094779 0.0013236
6400 0.0020572 0.0188503 0.0030377
12800 0.0042046 0.0325272 0.007301
25600 0.0106735 0.0744285 0.0167763
51200 0.0222754 0.138614 0.0307925
102400 0.0356339 0.305607 0.0679012
204800 0.0741228 0.563786 0.136308
409600 0.133515 1.12417 0.301857
819200 0.270014 2.15511 0.600301
1638400 0.527321 4.49992 1.34376
3276800 1.17315 9.40765 2.84978
